{
 "metadata": {
  "kernelspec": {
   "name": "python3",
   "display_name": "Python 3 (ipykernel)",
   "language": "python"
  },
  "language_info": {
   "name": "python",
   "version": "3.7.13",
   "mimetype": "text/x-python",
   "codemirror_mode": {
    "name": "ipython",
    "version": 3
   },
   "pygments_lexer": "ipython3",
   "nbconvert_exporter": "python",
   "file_extension": ".py"
  }
 },
 "nbformat_minor": 4,
 "nbformat": 4,
 "cells": [
  {
   "cell_type": "code",
   "source": [
    "import pandas as pd\n",
    "import seaborn as sns\n",
    "import matplotlib.pyplot as plt\n",
    "from matplotlib.font_manager import FontProperties\n",
    "import matplotlib as mpl\n",
    "from matplotlib.font_manager import FontProperties\n",
    "import numpy as np\n",
    "#Fork from https://tianchi.aliyun.com/notebook/464582?spm=a2c22.12281897.0.0.32f123b7UBX8BT\n",
    "# 手动指定 PingFang 字体的路径\n",
    "font_path = '/System/Library/Fonts/PingFang.ttc'\n",
    "# 设置字体为 PingFang\n",
    "plt.rcParams['font.family'] = 'sans-serif'\n",
    "plt.rcParams['font.sans-serif'] = FontProperties(fname=font_path).get_name()\n",
    "# 设置字体为 PingFang\n",
    "mpl.rcParams['font.family'] = 'sans-serif'\n",
    "mpl.rcParams['font.sans-serif'] = FontProperties(fname=font_path).get_name()\n",
    "mpl.rcParams[\"axes.unicode_minus\"] = False\n"
   ],
   "metadata": {
    "ExecuteTime": {
     "end_time": "2024-02-23T08:23:15.064049Z",
     "start_time": "2024-02-23T08:23:14.482335Z"
    }
   },
   "execution_count": 142,
   "outputs": []
  },
  {
   "cell_type": "code",
   "source": [
    "#加载数据\n",
    "data_user=pd.read_csv('/Users/shendingyu/PycharmProjects/pythonProject4/data.csv')\n",
    "pd.concat([data_user.head(5), data_user.tail(5)])"
   ],
   "metadata": {
    "ExecuteTime": {
     "end_time": "2024-02-23T08:23:18.493145Z",
     "start_time": "2024-02-23T08:23:14.489470Z"
    }
   },
   "execution_count": 143,
   "outputs": [
    {
     "data": {
      "text/plain": "            user_id     sku_id  behavior_type  cate_id           time\n0          98047837  232431562              1     4245  2014-12-06 02\n1          97726136  383583590              1     5894  2014-12-09 20\n2          98607707   64749712              1     2883  2014-12-18 11\n3          98662432  320593836              1     6562  2014-12-06 10\n4          98145908  290208520              1    13926  2014-12-16 21\n12256901   93812622  378365755              1       11  2014-12-13 21\n12256902   93812622  177724753              1    12311  2014-12-14 21\n12256903   93812622  234391443              1     8765  2014-12-11 16\n12256904   93812622   26452000              1     7951  2014-12-08 22\n12256905  108404535  362699797              1     9847  2014-12-03 19",
      "text/html": "<div>\n<style scoped>\n    .dataframe tbody tr th:only-of-type {\n        vertical-align: middle;\n    }\n\n    .dataframe tbody tr th {\n        vertical-align: top;\n    }\n\n    .dataframe thead th {\n        text-align: right;\n    }\n</style>\n<table border=\"1\" class=\"dataframe\">\n  <thead>\n    <tr style=\"text-align: right;\">\n      <th></th>\n      <th>user_id</th>\n      <th>sku_id</th>\n      <th>behavior_type</th>\n      <th>cate_id</th>\n      <th>time</th>\n    </tr>\n  </thead>\n  <tbody>\n    <tr>\n      <th>0</th>\n      <td>98047837</td>\n      <td>232431562</td>\n      <td>1</td>\n      <td>4245</td>\n      <td>2014-12-06 02</td>\n    </tr>\n    <tr>\n      <th>1</th>\n      <td>97726136</td>\n      <td>383583590</td>\n      <td>1</td>\n      <td>5894</td>\n      <td>2014-12-09 20</td>\n    </tr>\n    <tr>\n      <th>2</th>\n      <td>98607707</td>\n      <td>64749712</td>\n      <td>1</td>\n      <td>2883</td>\n      <td>2014-12-18 11</td>\n    </tr>\n    <tr>\n      <th>3</th>\n      <td>98662432</td>\n      <td>320593836</td>\n      <td>1</td>\n      <td>6562</td>\n      <td>2014-12-06 10</td>\n    </tr>\n    <tr>\n      <th>4</th>\n      <td>98145908</td>\n      <td>290208520</td>\n      <td>1</td>\n      <td>13926</td>\n      <td>2014-12-16 21</td>\n    </tr>\n    <tr>\n      <th>12256901</th>\n      <td>93812622</td>\n      <td>378365755</td>\n      <td>1</td>\n      <td>11</td>\n      <td>2014-12-13 21</td>\n    </tr>\n    <tr>\n      <th>12256902</th>\n      <td>93812622</td>\n      <td>177724753</td>\n      <td>1</td>\n      <td>12311</td>\n      <td>2014-12-14 21</td>\n    </tr>\n    <tr>\n      <th>12256903</th>\n      <td>93812622</td>\n      <td>234391443</td>\n      <td>1</td>\n      <td>8765</td>\n      <td>2014-12-11 16</td>\n    </tr>\n    <tr>\n      <th>12256904</th>\n      <td>93812622</td>\n      <td>26452000</td>\n      <td>1</td>\n      <td>7951</td>\n      <td>2014-12-08 22</td>\n    </tr>\n    <tr>\n      <th>12256905</th>\n      <td>108404535</td>\n      <td>362699797</td>\n      <td>1</td>\n      <td>9847</td>\n      <td>2014-12-03 19</td>\n    </tr>\n  </tbody>\n</table>\n</div>"
     },
     "execution_count": 143,
     "metadata": {},
     "output_type": "execute_result"
    }
   ]
  },
  {
   "cell_type": "code",
   "source": [
    "# 查看数据情况\n",
    "print('数据大小为',len(data_user))\n",
    "print('用户数量为：',len(set(data_user['user_id'])))\n",
    "print('商品数量为：',len(set(data_user['sku_id'])))\n",
    "print('商品品类为：',len(set(data_user['cate_id'])))"
   ],
   "metadata": {
    "ExecuteTime": {
     "end_time": "2024-02-23T08:23:23.069293Z",
     "start_time": "2024-02-23T08:23:22.193757Z"
    }
   },
   "execution_count": 144,
   "outputs": [
    {
     "name": "stdout",
     "output_type": "stream",
     "text": [
      "数据大小为 12256906\n",
      "用户数量为： 10000\n",
      "商品数量为： 2876947\n",
      "商品品类为： 8916\n"
     ]
    }
   ]
  },
  {
   "cell_type": "markdown",
   "source": [
    "由此可知本次分析的数据集包含了10000个用户在1个月内的的1200多万条购物行为数据，商品总数量超过287万，分布在8916个类目中。样本量足够大，可以支撑我们通过数据分析来完成结论洞察。"
   ],
   "metadata": {
    "collapsed": false
   }
  },
  {
   "cell_type": "markdown",
   "source": [
    "# 数据处理"
   ],
   "metadata": {
    "collapsed": false
   }
  },
  {
   "cell_type": "code",
   "source": [
    "# 查看数据缺失情况\n",
    "data_user.isnull().sum()"
   ],
   "metadata": {
    "ExecuteTime": {
     "end_time": "2024-02-23T08:23:23.359602Z",
     "start_time": "2024-02-23T08:23:23.068224Z"
    }
   },
   "execution_count": 145,
   "outputs": [
    {
     "data": {
      "text/plain": "user_id          0\nsku_id           0\nbehavior_type    0\ncate_id          0\ntime             0\ndtype: int64"
     },
     "execution_count": 145,
     "metadata": {},
     "output_type": "execute_result"
    }
   ]
  },
  {
   "cell_type": "code",
   "source": [
    "#查看重复值个数\n",
    "data_user.duplicated().sum()"
   ],
   "metadata": {
    "ExecuteTime": {
     "end_time": "2024-02-23T08:23:25.417258Z",
     "start_time": "2024-02-23T08:23:23.354604Z"
    }
   },
   "execution_count": 146,
   "outputs": [
    {
     "data": {
      "text/plain": "6043527"
     },
     "execution_count": 146,
     "metadata": {},
     "output_type": "execute_result"
    }
   ]
  },
  {
   "cell_type": "markdown",
   "source": [
    "可以看出，共有604万多的重复值，需要删除重复值"
   ],
   "metadata": {
    "collapsed": false
   }
  },
  {
   "cell_type": "code",
   "source": [
    "#删除重复值\n",
    "data_user=data_user.drop_duplicates(subset=['user_id','sku_id','behavior_type','cate_id','time'],keep='first')"
   ],
   "metadata": {
    "ExecuteTime": {
     "end_time": "2024-02-23T08:23:27.517244Z",
     "start_time": "2024-02-23T08:23:25.413509Z"
    }
   },
   "execution_count": 147,
   "outputs": []
  },
  {
   "cell_type": "code",
   "source": [
    "# 重新查看数据情况\n",
    "print('数据大小为',len(data_user))\n",
    "print('用户数量为：',len(set(data_user['user_id'])))\n",
    "print('商品数量为：',len(set(data_user['sku_id'])))\n",
    "print('商品品类为：',len(set(data_user['cate_id'])))"
   ],
   "metadata": {
    "ExecuteTime": {
     "end_time": "2024-02-23T08:23:29.613945Z",
     "start_time": "2024-02-23T08:23:27.515946Z"
    }
   },
   "execution_count": 148,
   "outputs": [
    {
     "name": "stdout",
     "output_type": "stream",
     "text": [
      "数据大小为 6213379\n",
      "用户数量为： 10000\n",
      "商品数量为： 2876947\n",
      "商品品类为： 8916\n"
     ]
    }
   ]
  },
  {
   "cell_type": "markdown",
   "source": [
    "删除完重复行后，样本数量减少到了621万"
   ],
   "metadata": {
    "collapsed": false
   }
  },
  {
   "cell_type": "code",
   "source": [
    "# 分割天(date)和小时(hour)，方便后续做分析\n",
    "data_user['date'] = data_user['time'].map(lambda x: x.split(' ')[0])\n",
    "data_user['hour'] = data_user['time'].map(lambda x: x.split(' ')[1])\n",
    "data_user.head()"
   ],
   "metadata": {
    "ExecuteTime": {
     "end_time": "2024-02-23T08:23:31.393214Z",
     "start_time": "2024-02-23T08:23:29.613734Z"
    }
   },
   "execution_count": 149,
   "outputs": [
    {
     "data": {
      "text/plain": "    user_id     sku_id  behavior_type  cate_id           time        date hour\n0  98047837  232431562              1     4245  2014-12-06 02  2014-12-06   02\n1  97726136  383583590              1     5894  2014-12-09 20  2014-12-09   20\n2  98607707   64749712              1     2883  2014-12-18 11  2014-12-18   11\n3  98662432  320593836              1     6562  2014-12-06 10  2014-12-06   10\n4  98145908  290208520              1    13926  2014-12-16 21  2014-12-16   21",
      "text/html": "<div>\n<style scoped>\n    .dataframe tbody tr th:only-of-type {\n        vertical-align: middle;\n    }\n\n    .dataframe tbody tr th {\n        vertical-align: top;\n    }\n\n    .dataframe thead th {\n        text-align: right;\n    }\n</style>\n<table border=\"1\" class=\"dataframe\">\n  <thead>\n    <tr style=\"text-align: right;\">\n      <th></th>\n      <th>user_id</th>\n      <th>sku_id</th>\n      <th>behavior_type</th>\n      <th>cate_id</th>\n      <th>time</th>\n      <th>date</th>\n      <th>hour</th>\n    </tr>\n  </thead>\n  <tbody>\n    <tr>\n      <th>0</th>\n      <td>98047837</td>\n      <td>232431562</td>\n      <td>1</td>\n      <td>4245</td>\n      <td>2014-12-06 02</td>\n      <td>2014-12-06</td>\n      <td>02</td>\n    </tr>\n    <tr>\n      <th>1</th>\n      <td>97726136</td>\n      <td>383583590</td>\n      <td>1</td>\n      <td>5894</td>\n      <td>2014-12-09 20</td>\n      <td>2014-12-09</td>\n      <td>20</td>\n    </tr>\n    <tr>\n      <th>2</th>\n      <td>98607707</td>\n      <td>64749712</td>\n      <td>1</td>\n      <td>2883</td>\n      <td>2014-12-18 11</td>\n      <td>2014-12-18</td>\n      <td>11</td>\n    </tr>\n    <tr>\n      <th>3</th>\n      <td>98662432</td>\n      <td>320593836</td>\n      <td>1</td>\n      <td>6562</td>\n      <td>2014-12-06 10</td>\n      <td>2014-12-06</td>\n      <td>10</td>\n    </tr>\n    <tr>\n      <th>4</th>\n      <td>98145908</td>\n      <td>290208520</td>\n      <td>1</td>\n      <td>13926</td>\n      <td>2014-12-16 21</td>\n      <td>2014-12-16</td>\n      <td>21</td>\n    </tr>\n  </tbody>\n</table>\n</div>"
     },
     "execution_count": 149,
     "metadata": {},
     "output_type": "execute_result"
    }
   ]
  },
  {
   "cell_type": "code",
   "source": [
    "# 查看字段类型：\n",
    "data_user.dtypes"
   ],
   "metadata": {
    "ExecuteTime": {
     "end_time": "2024-02-23T08:23:31.401093Z",
     "start_time": "2024-02-23T08:23:31.395226Z"
    }
   },
   "execution_count": 150,
   "outputs": [
    {
     "data": {
      "text/plain": "user_id           int64\nsku_id            int64\nbehavior_type     int64\ncate_id           int64\ntime             object\ndate             object\nhour             object\ndtype: object"
     },
     "execution_count": 150,
     "metadata": {},
     "output_type": "execute_result"
    }
   ]
  },
  {
   "cell_type": "code",
   "source": [
    "#修改字段类型\n",
    "data_user['user_id'] = data_user['user_id'].astype('object')\n",
    "data_user['sku_id'] = data_user['sku_id'].astype('object')\n",
    "data_user['cate_id'] = data_user['cate_id'].astype('object')\n",
    "data_user['date'] = pd.to_datetime(data_user['date'])\n",
    "data_user['hour'] = data_user['hour'].astype('int64')\n",
    "\n",
    "data_user.dtypes"
   ],
   "metadata": {
    "ExecuteTime": {
     "end_time": "2024-02-23T08:23:33.801622Z",
     "start_time": "2024-02-23T08:23:31.398314Z"
    }
   },
   "execution_count": 151,
   "outputs": [
    {
     "data": {
      "text/plain": "user_id                  object\nsku_id                   object\nbehavior_type             int64\ncate_id                  object\ntime                     object\ndate             datetime64[ns]\nhour                      int64\ndtype: object"
     },
     "execution_count": 151,
     "metadata": {},
     "output_type": "execute_result"
    }
   ]
  },
  {
   "cell_type": "markdown",
   "source": [
    "# 数据分析 & 可视化"
   ],
   "metadata": {
    "collapsed": false
   }
  },
  {
   "cell_type": "markdown",
   "source": [
    "## Part1. 流量分析\n",
    "### 1. 基于天级别访问流量分析"
   ],
   "metadata": {
    "collapsed": false
   }
  },
  {
   "cell_type": "code",
   "source": [
    "# 计算PV: PageView , UV: UniqueView\n",
    "# PV: select count(user_id) from data_user group by \"date\";\n",
    "# UV: select count(distinct(user_id)) from data_user group by \"date\";\n",
    "pv_daily = data_user.groupby('date')['user_id'].count()\n",
    "# pv_daily.head()\n",
    "pv_daily = pv_daily.reset_index() \n",
    "pv_daily = pv_daily.rename(columns={'user_id':'pv_daily'})\n",
    "pv_daily"
   ],
   "metadata": {
    "ExecuteTime": {
     "end_time": "2024-02-23T08:23:34.064884Z",
     "start_time": "2024-02-23T08:23:33.786162Z"
    }
   },
   "execution_count": 152,
   "outputs": [
    {
     "data": {
      "text/plain": "         date  pv_daily\n0  2014-11-18    186278\n1  2014-11-19    181713\n2  2014-11-20    178849\n3  2014-11-21    168903\n4  2014-11-22    183014\n5  2014-11-23    194205\n6  2014-11-24    191139\n7  2014-11-25    186803\n8  2014-11-26    183017\n9  2014-11-27    188747\n10 2014-11-28    172392\n11 2014-11-29    185940\n12 2014-11-30    204398\n13 2014-12-01    200520\n14 2014-12-02    206313\n15 2014-12-03    209477\n16 2014-12-04    203829\n17 2014-12-05    183633\n18 2014-12-06    198378\n19 2014-12-07    202206\n20 2014-12-08    197172\n21 2014-12-09    202261\n22 2014-12-10    215171\n23 2014-12-11    247364\n24 2014-12-12    346464\n25 2014-12-13    205983\n26 2014-12-14    204056\n27 2014-12-15    201242\n28 2014-12-16    199749\n29 2014-12-17    193980\n30 2014-12-18    190183",
      "text/html": "<div>\n<style scoped>\n    .dataframe tbody tr th:only-of-type {\n        vertical-align: middle;\n    }\n\n    .dataframe tbody tr th {\n        vertical-align: top;\n    }\n\n    .dataframe thead th {\n        text-align: right;\n    }\n</style>\n<table border=\"1\" class=\"dataframe\">\n  <thead>\n    <tr style=\"text-align: right;\">\n      <th></th>\n      <th>date</th>\n      <th>pv_daily</th>\n    </tr>\n  </thead>\n  <tbody>\n    <tr>\n      <th>0</th>\n      <td>2014-11-18</td>\n      <td>186278</td>\n    </tr>\n    <tr>\n      <th>1</th>\n      <td>2014-11-19</td>\n      <td>181713</td>\n    </tr>\n    <tr>\n      <th>2</th>\n      <td>2014-11-20</td>\n      <td>178849</td>\n    </tr>\n    <tr>\n      <th>3</th>\n      <td>2014-11-21</td>\n      <td>168903</td>\n    </tr>\n    <tr>\n      <th>4</th>\n      <td>2014-11-22</td>\n      <td>183014</td>\n    </tr>\n    <tr>\n      <th>5</th>\n      <td>2014-11-23</td>\n      <td>194205</td>\n    </tr>\n    <tr>\n      <th>6</th>\n      <td>2014-11-24</td>\n      <td>191139</td>\n    </tr>\n    <tr>\n      <th>7</th>\n      <td>2014-11-25</td>\n      <td>186803</td>\n    </tr>\n    <tr>\n      <th>8</th>\n      <td>2014-11-26</td>\n      <td>183017</td>\n    </tr>\n    <tr>\n      <th>9</th>\n      <td>2014-11-27</td>\n      <td>188747</td>\n    </tr>\n    <tr>\n      <th>10</th>\n      <td>2014-11-28</td>\n      <td>172392</td>\n    </tr>\n    <tr>\n      <th>11</th>\n      <td>2014-11-29</td>\n      <td>185940</td>\n    </tr>\n    <tr>\n      <th>12</th>\n      <td>2014-11-30</td>\n      <td>204398</td>\n    </tr>\n    <tr>\n      <th>13</th>\n      <td>2014-12-01</td>\n      <td>200520</td>\n    </tr>\n    <tr>\n      <th>14</th>\n      <td>2014-12-02</td>\n      <td>206313</td>\n    </tr>\n    <tr>\n      <th>15</th>\n      <td>2014-12-03</td>\n      <td>209477</td>\n    </tr>\n    <tr>\n      <th>16</th>\n      <td>2014-12-04</td>\n      <td>203829</td>\n    </tr>\n    <tr>\n      <th>17</th>\n      <td>2014-12-05</td>\n      <td>183633</td>\n    </tr>\n    <tr>\n      <th>18</th>\n      <td>2014-12-06</td>\n      <td>198378</td>\n    </tr>\n    <tr>\n      <th>19</th>\n      <td>2014-12-07</td>\n      <td>202206</td>\n    </tr>\n    <tr>\n      <th>20</th>\n      <td>2014-12-08</td>\n      <td>197172</td>\n    </tr>\n    <tr>\n      <th>21</th>\n      <td>2014-12-09</td>\n      <td>202261</td>\n    </tr>\n    <tr>\n      <th>22</th>\n      <td>2014-12-10</td>\n      <td>215171</td>\n    </tr>\n    <tr>\n      <th>23</th>\n      <td>2014-12-11</td>\n      <td>247364</td>\n    </tr>\n    <tr>\n      <th>24</th>\n      <td>2014-12-12</td>\n      <td>346464</td>\n    </tr>\n    <tr>\n      <th>25</th>\n      <td>2014-12-13</td>\n      <td>205983</td>\n    </tr>\n    <tr>\n      <th>26</th>\n      <td>2014-12-14</td>\n      <td>204056</td>\n    </tr>\n    <tr>\n      <th>27</th>\n      <td>2014-12-15</td>\n      <td>201242</td>\n    </tr>\n    <tr>\n      <th>28</th>\n      <td>2014-12-16</td>\n      <td>199749</td>\n    </tr>\n    <tr>\n      <th>29</th>\n      <td>2014-12-17</td>\n      <td>193980</td>\n    </tr>\n    <tr>\n      <th>30</th>\n      <td>2014-12-18</td>\n      <td>190183</td>\n    </tr>\n  </tbody>\n</table>\n</div>"
     },
     "execution_count": 152,
     "metadata": {},
     "output_type": "execute_result"
    }
   ]
  },
  {
   "cell_type": "code",
   "source": [
    "#按日期看不太明显，我们可以对这组数据排序\n",
    "pv_daily2=pv_daily.sort_values(by='pv_daily',ascending=False,ignore_index=True)\n",
    "pv_daily2"
   ],
   "metadata": {
    "ExecuteTime": {
     "end_time": "2024-02-23T08:23:34.070594Z",
     "start_time": "2024-02-23T08:23:34.065754Z"
    }
   },
   "execution_count": 153,
   "outputs": [
    {
     "data": {
      "text/plain": "         date  pv_daily\n0  2014-12-12    346464\n1  2014-12-11    247364\n2  2014-12-10    215171\n3  2014-12-03    209477\n4  2014-12-02    206313\n5  2014-12-13    205983\n6  2014-11-30    204398\n7  2014-12-14    204056\n8  2014-12-04    203829\n9  2014-12-09    202261\n10 2014-12-07    202206\n11 2014-12-15    201242\n12 2014-12-01    200520\n13 2014-12-16    199749\n14 2014-12-06    198378\n15 2014-12-08    197172\n16 2014-11-23    194205\n17 2014-12-17    193980\n18 2014-11-24    191139\n19 2014-12-18    190183\n20 2014-11-27    188747\n21 2014-11-25    186803\n22 2014-11-18    186278\n23 2014-11-29    185940\n24 2014-12-05    183633\n25 2014-11-26    183017\n26 2014-11-22    183014\n27 2014-11-19    181713\n28 2014-11-20    178849\n29 2014-11-28    172392\n30 2014-11-21    168903",
      "text/html": "<div>\n<style scoped>\n    .dataframe tbody tr th:only-of-type {\n        vertical-align: middle;\n    }\n\n    .dataframe tbody tr th {\n        vertical-align: top;\n    }\n\n    .dataframe thead th {\n        text-align: right;\n    }\n</style>\n<table border=\"1\" class=\"dataframe\">\n  <thead>\n    <tr style=\"text-align: right;\">\n      <th></th>\n      <th>date</th>\n      <th>pv_daily</th>\n    </tr>\n  </thead>\n  <tbody>\n    <tr>\n      <th>0</th>\n      <td>2014-12-12</td>\n      <td>346464</td>\n    </tr>\n    <tr>\n      <th>1</th>\n      <td>2014-12-11</td>\n      <td>247364</td>\n    </tr>\n    <tr>\n      <th>2</th>\n      <td>2014-12-10</td>\n      <td>215171</td>\n    </tr>\n    <tr>\n      <th>3</th>\n      <td>2014-12-03</td>\n      <td>209477</td>\n    </tr>\n    <tr>\n      <th>4</th>\n      <td>2014-12-02</td>\n      <td>206313</td>\n    </tr>\n    <tr>\n      <th>5</th>\n      <td>2014-12-13</td>\n      <td>205983</td>\n    </tr>\n    <tr>\n      <th>6</th>\n      <td>2014-11-30</td>\n      <td>204398</td>\n    </tr>\n    <tr>\n      <th>7</th>\n      <td>2014-12-14</td>\n      <td>204056</td>\n    </tr>\n    <tr>\n      <th>8</th>\n      <td>2014-12-04</td>\n      <td>203829</td>\n    </tr>\n    <tr>\n      <th>9</th>\n      <td>2014-12-09</td>\n      <td>202261</td>\n    </tr>\n    <tr>\n      <th>10</th>\n      <td>2014-12-07</td>\n      <td>202206</td>\n    </tr>\n    <tr>\n      <th>11</th>\n      <td>2014-12-15</td>\n      <td>201242</td>\n    </tr>\n    <tr>\n      <th>12</th>\n      <td>2014-12-01</td>\n      <td>200520</td>\n    </tr>\n    <tr>\n      <th>13</th>\n      <td>2014-12-16</td>\n      <td>199749</td>\n    </tr>\n    <tr>\n      <th>14</th>\n      <td>2014-12-06</td>\n      <td>198378</td>\n    </tr>\n    <tr>\n      <th>15</th>\n      <td>2014-12-08</td>\n      <td>197172</td>\n    </tr>\n    <tr>\n      <th>16</th>\n      <td>2014-11-23</td>\n      <td>194205</td>\n    </tr>\n    <tr>\n      <th>17</th>\n      <td>2014-12-17</td>\n      <td>193980</td>\n    </tr>\n    <tr>\n      <th>18</th>\n      <td>2014-11-24</td>\n      <td>191139</td>\n    </tr>\n    <tr>\n      <th>19</th>\n      <td>2014-12-18</td>\n      <td>190183</td>\n    </tr>\n    <tr>\n      <th>20</th>\n      <td>2014-11-27</td>\n      <td>188747</td>\n    </tr>\n    <tr>\n      <th>21</th>\n      <td>2014-11-25</td>\n      <td>186803</td>\n    </tr>\n    <tr>\n      <th>22</th>\n      <td>2014-11-18</td>\n      <td>186278</td>\n    </tr>\n    <tr>\n      <th>23</th>\n      <td>2014-11-29</td>\n      <td>185940</td>\n    </tr>\n    <tr>\n      <th>24</th>\n      <td>2014-12-05</td>\n      <td>183633</td>\n    </tr>\n    <tr>\n      <th>25</th>\n      <td>2014-11-26</td>\n      <td>183017</td>\n    </tr>\n    <tr>\n      <th>26</th>\n      <td>2014-11-22</td>\n      <td>183014</td>\n    </tr>\n    <tr>\n      <th>27</th>\n      <td>2014-11-19</td>\n      <td>181713</td>\n    </tr>\n    <tr>\n      <th>28</th>\n      <td>2014-11-20</td>\n      <td>178849</td>\n    </tr>\n    <tr>\n      <th>29</th>\n      <td>2014-11-28</td>\n      <td>172392</td>\n    </tr>\n    <tr>\n      <th>30</th>\n      <td>2014-11-21</td>\n      <td>168903</td>\n    </tr>\n  </tbody>\n</table>\n</div>"
     },
     "execution_count": 153,
     "metadata": {},
     "output_type": "execute_result"
    }
   ]
  },
  {
   "cell_type": "markdown",
   "source": [
    "排过序后，我们可以清晰的看到在数据集给的一个月中，12月12日访问量最多，因为双十二促销活动"
   ],
   "metadata": {}
  },
  {
   "cell_type": "code",
   "source": [
    "# 计算UV\n",
    "uv_daily = data_user.groupby('date')['user_id'].apply(lambda x: len(x.unique()))\n",
    "uv_daily = uv_daily.reset_index()\n",
    "uv_daily = uv_daily.rename(columns = {'user_id':'uv_daily'})\n",
    "uv_daily"
   ],
   "metadata": {
    "ExecuteTime": {
     "end_time": "2024-02-23T08:23:35.209659Z",
     "start_time": "2024-02-23T08:23:34.069468Z"
    }
   },
   "execution_count": 154,
   "outputs": [
    {
     "data": {
      "text/plain": "         date  uv_daily\n0  2014-11-18      6343\n1  2014-11-19      6420\n2  2014-11-20      6333\n3  2014-11-21      6276\n4  2014-11-22      6187\n5  2014-11-23      6373\n6  2014-11-24      6513\n7  2014-11-25      6351\n8  2014-11-26      6357\n9  2014-11-27      6359\n10 2014-11-28      6189\n11 2014-11-29      6224\n12 2014-11-30      6379\n13 2014-12-01      6544\n14 2014-12-02      6550\n15 2014-12-03      6585\n16 2014-12-04      6531\n17 2014-12-05      6367\n18 2014-12-06      6440\n19 2014-12-07      6422\n20 2014-12-08      6564\n21 2014-12-09      6566\n22 2014-12-10      6652\n23 2014-12-11      6894\n24 2014-12-12      7720\n25 2014-12-13      6776\n26 2014-12-14      6668\n27 2014-12-15      6787\n28 2014-12-16      6729\n29 2014-12-17      6643\n30 2014-12-18      6582",
      "text/html": "<div>\n<style scoped>\n    .dataframe tbody tr th:only-of-type {\n        vertical-align: middle;\n    }\n\n    .dataframe tbody tr th {\n        vertical-align: top;\n    }\n\n    .dataframe thead th {\n        text-align: right;\n    }\n</style>\n<table border=\"1\" class=\"dataframe\">\n  <thead>\n    <tr style=\"text-align: right;\">\n      <th></th>\n      <th>date</th>\n      <th>uv_daily</th>\n    </tr>\n  </thead>\n  <tbody>\n    <tr>\n      <th>0</th>\n      <td>2014-11-18</td>\n      <td>6343</td>\n    </tr>\n    <tr>\n      <th>1</th>\n      <td>2014-11-19</td>\n      <td>6420</td>\n    </tr>\n    <tr>\n      <th>2</th>\n      <td>2014-11-20</td>\n      <td>6333</td>\n    </tr>\n    <tr>\n      <th>3</th>\n      <td>2014-11-21</td>\n      <td>6276</td>\n    </tr>\n    <tr>\n      <th>4</th>\n      <td>2014-11-22</td>\n      <td>6187</td>\n    </tr>\n    <tr>\n      <th>5</th>\n      <td>2014-11-23</td>\n      <td>6373</td>\n    </tr>\n    <tr>\n      <th>6</th>\n      <td>2014-11-24</td>\n      <td>6513</td>\n    </tr>\n    <tr>\n      <th>7</th>\n      <td>2014-11-25</td>\n      <td>6351</td>\n    </tr>\n    <tr>\n      <th>8</th>\n      <td>2014-11-26</td>\n      <td>6357</td>\n    </tr>\n    <tr>\n      <th>9</th>\n      <td>2014-11-27</td>\n      <td>6359</td>\n    </tr>\n    <tr>\n      <th>10</th>\n      <td>2014-11-28</td>\n      <td>6189</td>\n    </tr>\n    <tr>\n      <th>11</th>\n      <td>2014-11-29</td>\n      <td>6224</td>\n    </tr>\n    <tr>\n      <th>12</th>\n      <td>2014-11-30</td>\n      <td>6379</td>\n    </tr>\n    <tr>\n      <th>13</th>\n      <td>2014-12-01</td>\n      <td>6544</td>\n    </tr>\n    <tr>\n      <th>14</th>\n      <td>2014-12-02</td>\n      <td>6550</td>\n    </tr>\n    <tr>\n      <th>15</th>\n      <td>2014-12-03</td>\n      <td>6585</td>\n    </tr>\n    <tr>\n      <th>16</th>\n      <td>2014-12-04</td>\n      <td>6531</td>\n    </tr>\n    <tr>\n      <th>17</th>\n      <td>2014-12-05</td>\n      <td>6367</td>\n    </tr>\n    <tr>\n      <th>18</th>\n      <td>2014-12-06</td>\n      <td>6440</td>\n    </tr>\n    <tr>\n      <th>19</th>\n      <td>2014-12-07</td>\n      <td>6422</td>\n    </tr>\n    <tr>\n      <th>20</th>\n      <td>2014-12-08</td>\n      <td>6564</td>\n    </tr>\n    <tr>\n      <th>21</th>\n      <td>2014-12-09</td>\n      <td>6566</td>\n    </tr>\n    <tr>\n      <th>22</th>\n      <td>2014-12-10</td>\n      <td>6652</td>\n    </tr>\n    <tr>\n      <th>23</th>\n      <td>2014-12-11</td>\n      <td>6894</td>\n    </tr>\n    <tr>\n      <th>24</th>\n      <td>2014-12-12</td>\n      <td>7720</td>\n    </tr>\n    <tr>\n      <th>25</th>\n      <td>2014-12-13</td>\n      <td>6776</td>\n    </tr>\n    <tr>\n      <th>26</th>\n      <td>2014-12-14</td>\n      <td>6668</td>\n    </tr>\n    <tr>\n      <th>27</th>\n      <td>2014-12-15</td>\n      <td>6787</td>\n    </tr>\n    <tr>\n      <th>28</th>\n      <td>2014-12-16</td>\n      <td>6729</td>\n    </tr>\n    <tr>\n      <th>29</th>\n      <td>2014-12-17</td>\n      <td>6643</td>\n    </tr>\n    <tr>\n      <th>30</th>\n      <td>2014-12-18</td>\n      <td>6582</td>\n    </tr>\n  </tbody>\n</table>\n</div>"
     },
     "execution_count": 154,
     "metadata": {},
     "output_type": "execute_result"
    }
   ]
  },
  {
   "cell_type": "code",
   "source": [
    "#同样地，对UV进行排序\n",
    "uv_daily2=uv_daily.sort_values(by='uv_daily',ascending=False,ignore_index=True)\n",
    "uv_daily2"
   ],
   "metadata": {
    "ExecuteTime": {
     "end_time": "2024-02-23T08:23:35.232730Z",
     "start_time": "2024-02-23T08:23:35.211516Z"
    }
   },
   "execution_count": 155,
   "outputs": [
    {
     "data": {
      "text/plain": "         date  uv_daily\n0  2014-12-12      7720\n1  2014-12-11      6894\n2  2014-12-15      6787\n3  2014-12-13      6776\n4  2014-12-16      6729\n5  2014-12-14      6668\n6  2014-12-10      6652\n7  2014-12-17      6643\n8  2014-12-03      6585\n9  2014-12-18      6582\n10 2014-12-09      6566\n11 2014-12-08      6564\n12 2014-12-02      6550\n13 2014-12-01      6544\n14 2014-12-04      6531\n15 2014-11-24      6513\n16 2014-12-06      6440\n17 2014-12-07      6422\n18 2014-11-19      6420\n19 2014-11-30      6379\n20 2014-11-23      6373\n21 2014-12-05      6367\n22 2014-11-27      6359\n23 2014-11-26      6357\n24 2014-11-25      6351\n25 2014-11-18      6343\n26 2014-11-20      6333\n27 2014-11-21      6276\n28 2014-11-29      6224\n29 2014-11-28      6189\n30 2014-11-22      6187",
      "text/html": "<div>\n<style scoped>\n    .dataframe tbody tr th:only-of-type {\n        vertical-align: middle;\n    }\n\n    .dataframe tbody tr th {\n        vertical-align: top;\n    }\n\n    .dataframe thead th {\n        text-align: right;\n    }\n</style>\n<table border=\"1\" class=\"dataframe\">\n  <thead>\n    <tr style=\"text-align: right;\">\n      <th></th>\n      <th>date</th>\n      <th>uv_daily</th>\n    </tr>\n  </thead>\n  <tbody>\n    <tr>\n      <th>0</th>\n      <td>2014-12-12</td>\n      <td>7720</td>\n    </tr>\n    <tr>\n      <th>1</th>\n      <td>2014-12-11</td>\n      <td>6894</td>\n    </tr>\n    <tr>\n      <th>2</th>\n      <td>2014-12-15</td>\n      <td>6787</td>\n    </tr>\n    <tr>\n      <th>3</th>\n      <td>2014-12-13</td>\n      <td>6776</td>\n    </tr>\n    <tr>\n      <th>4</th>\n      <td>2014-12-16</td>\n      <td>6729</td>\n    </tr>\n    <tr>\n      <th>5</th>\n      <td>2014-12-14</td>\n      <td>6668</td>\n    </tr>\n    <tr>\n      <th>6</th>\n      <td>2014-12-10</td>\n      <td>6652</td>\n    </tr>\n    <tr>\n      <th>7</th>\n      <td>2014-12-17</td>\n      <td>6643</td>\n    </tr>\n    <tr>\n      <th>8</th>\n      <td>2014-12-03</td>\n      <td>6585</td>\n    </tr>\n    <tr>\n      <th>9</th>\n      <td>2014-12-18</td>\n      <td>6582</td>\n    </tr>\n    <tr>\n      <th>10</th>\n      <td>2014-12-09</td>\n      <td>6566</td>\n    </tr>\n    <tr>\n      <th>11</th>\n      <td>2014-12-08</td>\n      <td>6564</td>\n    </tr>\n    <tr>\n      <th>12</th>\n      <td>2014-12-02</td>\n      <td>6550</td>\n    </tr>\n    <tr>\n      <th>13</th>\n      <td>2014-12-01</td>\n      <td>6544</td>\n    </tr>\n    <tr>\n      <th>14</th>\n      <td>2014-12-04</td>\n      <td>6531</td>\n    </tr>\n    <tr>\n      <th>15</th>\n      <td>2014-11-24</td>\n      <td>6513</td>\n    </tr>\n    <tr>\n      <th>16</th>\n      <td>2014-12-06</td>\n      <td>6440</td>\n    </tr>\n    <tr>\n      <th>17</th>\n      <td>2014-12-07</td>\n      <td>6422</td>\n    </tr>\n    <tr>\n      <th>18</th>\n      <td>2014-11-19</td>\n      <td>6420</td>\n    </tr>\n    <tr>\n      <th>19</th>\n      <td>2014-11-30</td>\n      <td>6379</td>\n    </tr>\n    <tr>\n      <th>20</th>\n      <td>2014-11-23</td>\n      <td>6373</td>\n    </tr>\n    <tr>\n      <th>21</th>\n      <td>2014-12-05</td>\n      <td>6367</td>\n    </tr>\n    <tr>\n      <th>22</th>\n      <td>2014-11-27</td>\n      <td>6359</td>\n    </tr>\n    <tr>\n      <th>23</th>\n      <td>2014-11-26</td>\n      <td>6357</td>\n    </tr>\n    <tr>\n      <th>24</th>\n      <td>2014-11-25</td>\n      <td>6351</td>\n    </tr>\n    <tr>\n      <th>25</th>\n      <td>2014-11-18</td>\n      <td>6343</td>\n    </tr>\n    <tr>\n      <th>26</th>\n      <td>2014-11-20</td>\n      <td>6333</td>\n    </tr>\n    <tr>\n      <th>27</th>\n      <td>2014-11-21</td>\n      <td>6276</td>\n    </tr>\n    <tr>\n      <th>28</th>\n      <td>2014-11-29</td>\n      <td>6224</td>\n    </tr>\n    <tr>\n      <th>29</th>\n      <td>2014-11-28</td>\n      <td>6189</td>\n    </tr>\n    <tr>\n      <th>30</th>\n      <td>2014-11-22</td>\n      <td>6187</td>\n    </tr>\n  </tbody>\n</table>\n</div>"
     },
     "execution_count": 155,
     "metadata": {},
     "output_type": "execute_result"
    }
   ]
  },
  {
   "cell_type": "markdown",
   "source": [
    "可以明显看出来，12月12日用户独立访问量（访客量）也是数据集给的这一个月中最多的"
   ],
   "metadata": {}
  },
  {
   "cell_type": "code",
   "source": [
    "#可视化结果\n",
    "fig,axes=plt.subplots(nrows=2,ncols=1,sharex=True)#共享x轴\n",
    "pv_daily.plot(x='date',y='pv_daily',ax=axes[0],colormap='cividis')\n",
    "uv_daily.plot(x='date',y='uv_daily',ax=axes[1],colormap='RdGy')\n",
    "axes[0].set_title('pv_daily')\n",
    "axes[1].set_title('uv_daily')"
   ],
   "metadata": {
    "ExecuteTime": {
     "end_time": "2024-02-23T08:23:35.778011Z",
     "start_time": "2024-02-23T08:23:35.222583Z"
    }
   },
   "execution_count": 156,
   "outputs": [
    {
     "data": {
      "text/plain": "Text(0.5, 1.0, 'uv_daily')"
     },
     "execution_count": 156,
     "metadata": {},
     "output_type": "execute_result"
    },
    {
     "data": {
      "text/plain": "<Figure size 640x480 with 2 Axes>",
